36
48
40
44
40
36
47
43
43
47
48
44
35
50
43
41
48
46
46
49
46
46
46
53
54
47
54
56
57
56
43
52
51
49
48
50
45
56
55
49
47
51
56
54
58
53
48
55
45
51
53
46
56
47
51
53
51
46
49
57
53
56
47
50
48
53
54
50
53
53
47
51
55
50
53
56
53
51
53
54
53
51
48
59
55
55
59
59
54
54
56
60
61
55
55
56
57
61
52
52
61
62
60
62
58
63
59
61
57
54
59
57
70
56
58
65
62
65
61
60
63
59
58
64
61
64
64
64
63
61
59
61
63
67
66
63
65
71
63
65
62
64
69
60
62
69
69
64
65
65
63
64
67
63
66
67
67
66
63
61
65
66
64
63
67
67
69
66
65
66
70
70
68
63
68
71
71
68
64
68
75
68
64
69
68
74
65
71
65
66
72
72
67
68
67
68
68
68
66
67
70
67
68
67
68
69
67
75